{
 "cells": [
  {
   "cell_type": "code",
   "execution_count": 128,
   "metadata": {},
   "outputs": [],
   "source": [
    "import glob \n",
    "import os \n",
    "import cv2 \n",
    "import numpy as np \n",
    "from matplotlib import pyplot as plt"
   ]
  },
  {
   "cell_type": "code",
   "execution_count": 129,
   "metadata": {},
   "outputs": [],
   "source": [
    "parent_dir = 'E:\\Sem 6\\CV\\Assignment 2\\q4_dataset\\original'"
   ]
  },
  {
   "cell_type": "code",
   "execution_count": 130,
   "metadata": {},
   "outputs": [],
   "source": [
    "images = os.listdir('q4_dataset\\original')"
   ]
  },
  {
   "cell_type": "code",
   "execution_count": 131,
   "metadata": {},
   "outputs": [
    {
     "name": "stdout",
     "output_type": "stream",
     "text": [
      "['1.jpg', '10.jpg', '11.jpg', '12.jpg', '13.jpg', '14.jpg', '15.jpg', '16.jpg', '17.jpg', '18.jpg', '19.jpg', '2.jpg', '20.jpg', '21.jpg', '22.jpg', '23.jpg', '24.jpg', '25.jpg', '26.jpg', '27.jpg', '28.jpg', '29.jpg', '3.jpg', '30.jpg', '4.jpg', '5.jpg', '6.jpg', '7.jpg', '8.jpg', '9.jpg']\n"
     ]
    }
   ],
   "source": [
    "print(images)"
   ]
  },
  {
   "cell_type": "code",
   "execution_count": 132,
   "metadata": {},
   "outputs": [],
   "source": [
    "board = (8,6)\n",
    "criteria = (cv2.TermCriteria_EPS + cv2.TermCriteria_MAX_ITER, 30 , 0.001)"
   ]
  },
  {
   "cell_type": "code",
   "execution_count": 133,
   "metadata": {},
   "outputs": [],
   "source": [
    "# Creating vector to store vectors of 3D points for each checkerboard image\n",
    "objpoints = []\n",
    "# Creating vector to store vectors of 2D points for each checkerboard image\n",
    "imgpoints = [] "
   ]
  },
  {
   "cell_type": "code",
   "execution_count": 134,
   "metadata": {},
   "outputs": [],
   "source": [
    "# Defining the world coordinates for 3D points\n",
    "objp = np.zeros((1, board[0] * board[1], 3), np.float32)\n",
    "objp[0,:,:2] = np.mgrid[0:board[0], 0:board[1]].T.reshape(-1, 2)\n",
    "prev_img_shape = None"
   ]
  },
  {
   "cell_type": "code",
   "execution_count": 135,
   "metadata": {},
   "outputs": [],
   "source": [
    "save_pth1 = 'q4_dataset\\with_corners'"
   ]
  },
  {
   "cell_type": "code",
   "execution_count": 136,
   "metadata": {},
   "outputs": [],
   "source": [
    "for image in images : \n",
    "    pth = os.path.join(parent_dir,image)\n",
    "    # print(pth)\n",
    "    img = cv2.imread(pth)\n",
    "    gray = cv2.cvtColor(img,cv2.COLOR_BGR2GRAY) \n",
    "    # Find the chess board corners\n",
    "    # If desired number of corners are found in the image then ret = true\n",
    "    ret, corners = cv2.findChessboardCorners(gray, board, cv2.CALIB_CB_ADAPTIVE_THRESH + cv2.CALIB_CB_FAST_CHECK + cv2.CALIB_CB_NORMALIZE_IMAGE)  \n",
    "    \"\"\"\n",
    "    If desired number of corner are detected,\n",
    "    we refine the pixel coordinates and display \n",
    "    them on the images of checker board\n",
    "    \"\"\"\n",
    "    if ret == True:\n",
    "        objpoints.append(objp)\n",
    "        # refining pixel coordinates for given 2d points.\n",
    "        corners2 = cv2.cornerSubPix(gray, corners, (11,11),(-1,-1), criteria)\n",
    "         \n",
    "        imgpoints.append(corners2)\n",
    " \n",
    "        # Draw and display the corners\n",
    "        img = cv2.drawChessboardCorners(img, board, corners2, ret)\n",
    "     \n",
    "    cv2.imwrite(os.path.join(save_pth1,image),img)\n"
   ]
  },
  {
   "cell_type": "code",
   "execution_count": 137,
   "metadata": {},
   "outputs": [],
   "source": [
    "\n",
    "h,w = img.shape[:2]"
   ]
  },
  {
   "cell_type": "code",
   "execution_count": 138,
   "metadata": {},
   "outputs": [
    {
     "name": "stdout",
     "output_type": "stream",
     "text": [
      "Camera matrix : \n",
      "\n",
      "[[2.40512917e+03 0.00000000e+00 1.45575761e+02]\n",
      " [0.00000000e+00 2.51384275e+03 3.82405570e+02]\n",
      " [0.00000000e+00 0.00000000e+00 1.00000000e+00]]\n",
      "Distortion : \n",
      "\n",
      "[[ 5.61266206e-01 -2.79864931e+01  1.52101063e-02  1.20389566e-02\n",
      "   1.47216665e+02]]\n",
      "Rotation Vectors : \n",
      "\n",
      "(array([[-0.05497964],\n",
      "       [-0.94316707],\n",
      "       [-0.00099224]]), array([[-0.09800508],\n",
      "       [ 1.30176156],\n",
      "       [-0.02938678]]), array([[ 2.84330296e-02],\n",
      "       [-6.40925760e-01],\n",
      "       [-4.51766056e-04]]), array([[ 0.03080087],\n",
      "       [-0.48506802],\n",
      "       [ 0.02125182]]), array([[0.00043236],\n",
      "       [0.40935588],\n",
      "       [0.00074027]]), array([[-0.02636912],\n",
      "       [-1.05302587],\n",
      "       [-0.01250301]]), array([[-0.02735916],\n",
      "       [ 0.42335653],\n",
      "       [ 0.0189986 ]]), array([[-0.14439937],\n",
      "       [ 0.2790428 ],\n",
      "       [ 0.038425  ]]), array([[-0.25556759],\n",
      "       [ 0.14939772],\n",
      "       [ 0.0020218 ]]), array([[-3.75662978e-02],\n",
      "       [ 5.32838305e-01],\n",
      "       [-4.39394349e-04]]), array([[-0.04584106],\n",
      "       [ 0.88130842],\n",
      "       [ 0.01426653]]), array([[ 0.29126728],\n",
      "       [ 0.10158893],\n",
      "       [-0.01633817]]), array([[-0.02835932],\n",
      "       [-0.79824414],\n",
      "       [-0.01905699]]), array([[ 0.01854471],\n",
      "       [-0.5945168 ],\n",
      "       [ 0.00685843]]), array([[-0.21795088],\n",
      "       [-0.00088553],\n",
      "       [-0.01524765]]), array([[-0.20830776],\n",
      "       [-0.09034047],\n",
      "       [-0.0400526 ]]), array([[-0.24962312],\n",
      "       [-0.00661321],\n",
      "       [-0.01723201]]), array([[ 0.03532618],\n",
      "       [ 0.61523812],\n",
      "       [-0.01911431]]), array([[0.0267058 ],\n",
      "       [0.5812658 ],\n",
      "       [0.01246817]]), array([[-0.01710284],\n",
      "       [ 0.81944203],\n",
      "       [-0.00418856]]), array([[0.0291641 ],\n",
      "       [0.61494863],\n",
      "       [0.02052192]]), array([[-0.79693244],\n",
      "       [-0.02587325],\n",
      "       [ 0.03915599]]), array([[-0.08928808],\n",
      "       [ 1.16182587],\n",
      "       [-0.00869962]]), array([[ 0.66116589],\n",
      "       [ 0.08879857],\n",
      "       [-0.06955279]]), array([[-0.05295832],\n",
      "       [ 1.28666819],\n",
      "       [-0.03491327]]), array([[-0.07692111],\n",
      "       [ 0.98268748],\n",
      "       [-0.00614198]]), array([[-0.01090662],\n",
      "       [-0.94216957],\n",
      "       [-0.01764001]]), array([[ 0.2836519 ],\n",
      "       [ 0.08466112],\n",
      "       [-0.01815376]]), array([[-0.00636045],\n",
      "       [-0.560896  ],\n",
      "       [-0.0147746 ]]), array([[-0.0569318 ],\n",
      "       [-1.18668565],\n",
      "       [ 0.00975943]]))\n",
      "Translation Vectors : \n",
      "\n",
      "(array([[ 0.91295384],\n",
      "       [-2.41349572],\n",
      "       [30.8119782 ]]), array([[ 0.25989674],\n",
      "       [-1.1206529 ],\n",
      "       [34.5925466 ]]), array([[ 0.71515653],\n",
      "       [-4.43616638],\n",
      "       [46.87083174]]), array([[ 1.84209127],\n",
      "       [-4.58859176],\n",
      "       [49.83198399]]), array([[ 1.30276344],\n",
      "       [-5.92235512],\n",
      "       [59.50441575]]), array([[ 0.5114089 ],\n",
      "       [-4.95469251],\n",
      "       [57.6249977 ]]), array([[ 0.29494125],\n",
      "       [-4.45434261],\n",
      "       [51.26675474]]), array([[ 1.42193794],\n",
      "       [-3.95852162],\n",
      "       [48.50472348]]), array([[ 0.78546977],\n",
      "       [-3.88817746],\n",
      "       [47.9776804 ]]), array([[-1.31684606e-02],\n",
      "       [-4.26739426e+00],\n",
      "       [ 5.02400623e+01]]), array([[ 2.66012133e-02],\n",
      "       [-3.80071870e+00],\n",
      "       [ 5.38808293e+01]]), array([[ 0.90977874],\n",
      "       [-3.42961467],\n",
      "       [35.57642002]]), array([[-0.16893056],\n",
      "       [-6.5857787 ],\n",
      "       [63.31548403]]), array([[ -1.4429944 ],\n",
      "       [-11.89822769],\n",
      "       [ 99.91381733]]), array([[-0.20750752],\n",
      "       [-6.12946717],\n",
      "       [80.29037918]]), array([[ 0.49253077],\n",
      "       [-7.97893646],\n",
      "       [78.99130088]]), array([[-0.11227616],\n",
      "       [-9.6741807 ],\n",
      "       [82.83651553]]), array([[-1.62658373],\n",
      "       [-9.58954935],\n",
      "       [91.70044369]]), array([[-1.88221365],\n",
      "       [-8.51207211],\n",
      "       [82.3775885 ]]), array([[-1.36448977],\n",
      "       [-7.64909713],\n",
      "       [83.06741145]]), array([[ 3.10498898],\n",
      "       [-9.32903396],\n",
      "       [81.69020962]]), array([[ 2.63775588],\n",
      "       [-1.76179687],\n",
      "       [31.08277723]]), array([[-0.41000719],\n",
      "       [-1.60845064],\n",
      "       [34.52345409]]), array([[ 1.74698757],\n",
      "       [-0.27066461],\n",
      "       [25.47794054]]), array([[-0.54611436],\n",
      "       [-1.86431115],\n",
      "       [34.59794135]]), array([[ 0.39493784],\n",
      "       [-1.92348978],\n",
      "       [36.4866853 ]]), array([[-0.07357859],\n",
      "       [-3.76512642],\n",
      "       [44.62331838]]), array([[ 0.77642987],\n",
      "       [-4.60419744],\n",
      "       [47.67227792]]), array([[ 1.37441611e-02],\n",
      "       [-4.39101290e+00],\n",
      "       [ 4.62716839e+01]]), array([[ 0.11733522],\n",
      "       [-2.07058475],\n",
      "       [29.25983739]]))\n"
     ]
    }
   ],
   "source": [
    "\"\"\"\n",
    "Performing camera calibration by \n",
    "passing the value of known 3D points (objpoints)\n",
    "and corresponding pixel coordinates of the \n",
    "detected corners (imgpoints)\n",
    "\"\"\"\n",
    "ret, mtx, dist, rvecs, tvecs = cv2.calibrateCamera(objpoints, imgpoints, gray.shape[::-1], None, None)\n",
    " \n",
    "print(\"Camera matrix : \\n\")\n",
    "print(mtx)\n",
    "print(\"Distortion : \\n\")\n",
    "print(dist)\n",
    "print(\"Rotation Vectors : \\n\")\n",
    "print(rvecs)\n",
    "print(\"Translation Vectors : \\n\")\n",
    "print(tvecs)"
   ]
  },
  {
   "cell_type": "code",
   "execution_count": 139,
   "metadata": {},
   "outputs": [],
   "source": [
    "np.savetxt(os.path.join('q4_dataset','camera_matrix.txt'), mtx)\n",
    "\n",
    "# Save distortion coefficients to a text file\n",
    "np.savetxt(os.path.join('q4_dataset','distortion_coefficients.txt'), dist)\n",
    "\n",
    "# Save rotation vectors to a text file\n",
    "with open((os.path.join('q4_dataset','rotation_vectors.txt')), 'w') as file:\n",
    "    for vec in rvecs:\n",
    "        np.savetxt(file, vec)\n",
    "\n",
    "# Save translation vectors to a text file\n",
    "with open((os.path.join('q4_dataset','translation_vectors.txt')), 'w') as file:\n",
    "    for vec in tvecs:\n",
    "        np.savetxt(file, vec)\n"
   ]
  },
  {
   "cell_type": "code",
   "execution_count": 140,
   "metadata": {},
   "outputs": [
    {
     "name": "stdout",
     "output_type": "stream",
     "text": [
      "Estimated Intrinsic Camera Parameters:\n",
      "Focal Length (fx): 2405.1291687250086\n",
      "Focal Length (fy): 2513.8427501252777\n",
      "Skew Parameter: 0.0\n",
      "Principal Point (cx): 145.57576139921184\n",
      "Principal Point (cy): 382.4055697557592\n",
      "\n",
      "Calibration Error Estimates:\n",
      "Reprojection Error: 2.958076002188282\n"
     ]
    }
   ],
   "source": [
    "fx = mtx[0, 0]  # Focal length in x-direction\n",
    "fy = mtx[1, 1]  # Focal length in y-direction\n",
    "skew = mtx[0, 1]  # Skew parameter\n",
    "cx = mtx[0, 2]  # Principal point x-coordinate\n",
    "cy = mtx[1, 2]  # Principal point y-coordinate\n",
    "\n",
    "# Print the intrinsic parameters\n",
    "print(\"Estimated Intrinsic Camera Parameters:\")\n",
    "print(\"Focal Length (fx):\", fx)\n",
    "print(\"Focal Length (fy):\", fy)\n",
    "print(\"Skew Parameter:\", skew)\n",
    "print(\"Principal Point (cx):\", cx)\n",
    "print(\"Principal Point (cy):\", cy)\n",
    "\n",
    "# Print error estimates if available\n",
    "if ret:\n",
    "    print(\"\\nCalibration Error Estimates:\")\n",
    "    print(\"Reprojection Error:\", ret)\n"
   ]
  },
  {
   "cell_type": "code",
   "execution_count": 141,
   "metadata": {},
   "outputs": [
    {
     "name": "stdout",
     "output_type": "stream",
     "text": [
      "Estimated Extrinsic Camera Parameters (Rotation Matrix and Translation Vector) for each image:\n",
      "\n",
      "Image: 1.jpg\n",
      "Rotation Matrix:\n",
      "[[ 0.58733259  0.0249065  -0.80896235]\n",
      " [ 0.02320434  0.99859729  0.04759211]\n",
      " [ 0.80901297 -0.04672384  0.5859308 ]]\n",
      "Translation Vector:\n",
      "[[ 0.91295384]\n",
      " [-2.41349572]\n",
      " [30.8119782 ]]\n",
      "\n",
      "Image: 10.jpg\n",
      "Rotation Matrix:\n",
      "[[ 0.26608634 -0.03350616  0.9633667 ]\n",
      " [-0.07694515  0.99546843  0.05587527]\n",
      " [-0.9608733  -0.08899404  0.26230242]]\n",
      "Translation Vector:\n",
      "[[ 0.25989674]\n",
      " [-1.1206529 ]\n",
      " [34.5925466 ]]\n",
      "\n",
      "Image: 11.jpg\n",
      "Rotation Matrix:\n",
      "[[ 0.80155592 -0.00838205 -0.59786106]\n",
      " [-0.00922487  0.99960936 -0.02638242]\n",
      " [ 0.59784865  0.02666218  0.80116548]]\n",
      "Translation Vector:\n",
      "[[ 0.71515653]\n",
      " [-4.43616638]\n",
      " [46.87083174]]\n",
      "\n",
      "Image: 12.jpg\n",
      "Rotation Matrix:\n",
      "[[ 0.88443535 -0.02774741 -0.46583709]\n",
      " [ 0.01309927  0.99931353 -0.03465355]\n",
      " [ 0.46647885  0.0245467   0.88419169]]\n",
      "Translation Vector:\n",
      "[[ 1.84209127]\n",
      " [-4.58859176]\n",
      " [49.83198399]]\n",
      "\n",
      "Image: 13.jpg\n",
      "Rotation Matrix:\n",
      "[[ 9.17377120e-01 -6.32500015e-04  3.98018617e-01]\n",
      " [ 8.07032203e-04  9.99999638e-01 -2.70974996e-04]\n",
      " [-3.98018301e-01  5.69800103e-04  9.17377298e-01]]\n",
      "Translation Vector:\n",
      "[[ 1.30276344]\n",
      " [-5.92235512]\n",
      " [59.50441575]]\n",
      "\n",
      "Image: 14.jpg\n",
      "Rotation Matrix:\n",
      "[[ 0.49490939  0.02296185 -0.86864115]\n",
      " [ 0.00233082  0.99961212  0.02775195]\n",
      " [ 0.86894146 -0.01575935  0.49466391]]\n",
      "Translation Vector:\n",
      "[[ 0.5114089 ]\n",
      " [-4.95469251]\n",
      " [57.6249977 ]]\n",
      "\n",
      "Image: 15.jpg\n",
      "Rotation Matrix:\n",
      "[[ 0.91154555 -0.02413752  0.41049006]\n",
      " [ 0.01272786  0.99945355  0.03050573]\n",
      " [-0.41100209 -0.02258271  0.91135465]]\n",
      "Translation Vector:\n",
      "[[ 0.29494125]\n",
      " [-4.45434261]\n",
      " [51.26675474]]\n",
      "\n",
      "Image: 16.jpg\n",
      "Rotation Matrix:\n",
      "[[ 0.96065944 -0.05776571  0.27165524]\n",
      " [ 0.0178074   0.98892907  0.14731663]\n",
      " [-0.27715761 -0.13668364  0.9510527 ]]\n",
      "Translation Vector:\n",
      "[[ 1.42193794]\n",
      " [-3.95852162]\n",
      " [48.50472348]]\n",
      "\n",
      "Image: 17.jpg\n",
      "Rotation Matrix:\n",
      "[[ 0.9889194  -0.02094399  0.14696863]\n",
      " [-0.0169592   0.96757838  0.25200091]\n",
      " [-0.14748157 -0.25170106  0.95650184]]\n",
      "Translation Vector:\n",
      "[[ 0.78546977]\n",
      " [-3.88817746]\n",
      " [47.9776804 ]]\n",
      "\n",
      "Image: 18.jpg\n",
      "Rotation Matrix:\n",
      "[[ 0.86138503 -0.00935387  0.50786646]\n",
      " [-0.01019146  0.99931091  0.03569085]\n",
      " [-0.50785034 -0.03591946  0.86069613]]\n",
      "Translation Vector:\n",
      "[[-1.31684606e-02]\n",
      " [-4.26739426e+00]\n",
      " [ 5.02400623e+01]]\n",
      "\n",
      "Image: 19.jpg\n",
      "Rotation Matrix:\n",
      "[[ 0.63611762 -0.03140736  0.77095262]\n",
      " [-0.00643724  0.99892043  0.0460058 ]\n",
      " [-0.77156525 -0.03422791  0.63522871]]\n",
      "Translation Vector:\n",
      "[[ 2.66012133e-02]\n",
      " [-3.80071870e+00]\n",
      " [ 5.38808293e+01]]\n",
      "\n",
      "Image: 2.jpg\n",
      "Rotation Matrix:\n",
      "[[ 0.99474834  0.03075706  0.09762042]\n",
      " [-0.00140208  0.95778552 -0.28748033]\n",
      " [-0.10234148  0.28583371  0.95279867]]\n",
      "Translation Vector:\n",
      "[[ 0.90977874]\n",
      " [-3.42961467]\n",
      " [35.57642002]]\n",
      "\n",
      "Image: 20.jpg\n",
      "Rotation Matrix:\n",
      "[[ 0.69782278  0.02782257 -0.71572989]\n",
      " [-0.00636382  0.99944669  0.03264689]\n",
      " [ 0.71624219 -0.01822697  0.69761372]]\n",
      "Translation Vector:\n",
      "[[-0.16893056]\n",
      " [-6.5857787 ]\n",
      " [63.31548403]]\n",
      "\n",
      "Image: 21.jpg\n",
      "Rotation Matrix:\n",
      "[[ 0.82840203 -0.01181299 -0.5600094 ]\n",
      " [ 0.00110913  0.99981022 -0.01944957]\n",
      " [ 0.56013288  0.01549094  0.82825792]]\n",
      "Translation Vector:\n",
      "[[ -1.4429944 ]\n",
      " [-11.89822769]\n",
      " [ 99.91381733]]\n",
      "\n",
      "Image: 22.jpg\n",
      "Rotation Matrix:\n",
      "[[ 9.99883826e-01  1.52227488e-02  7.76518952e-04]\n",
      " [-1.50305133e-02  9.76227255e-01  2.16227730e-01]\n",
      " [ 2.53352144e-03 -2.16214281e-01  9.76342648e-01]]\n",
      "Translation Vector:\n",
      "[[-0.20750752]\n",
      " [-6.12946717]\n",
      " [80.29037918]]\n",
      "\n",
      "Image: 23.jpg\n",
      "Rotation Matrix:\n",
      "[[ 0.99513879  0.0490664  -0.08538902]\n",
      " [-0.03033099  0.97760132  0.20826831]\n",
      " [ 0.0936954  -0.20466594  0.97433722]]\n",
      "Translation Vector:\n",
      "[[ 0.49253077]\n",
      " [-7.97893646]\n",
      " [78.99130088]]\n",
      "\n",
      "Image: 24.jpg\n",
      "Rotation Matrix:\n",
      "[[ 0.99983055  0.01787374 -0.00440483]\n",
      " [-0.01623153  0.96885878  0.24708138]\n",
      " [ 0.00868392 -0.24696801  0.96898472]]\n",
      "Translation Vector:\n",
      "[[-0.11227616]\n",
      " [-9.6741807 ]\n",
      " [82.83651553]]\n",
      "\n",
      "Image: 25.jpg\n",
      "Rotation Matrix:\n",
      "[[ 0.81648388  0.02845323  0.5766667 ]\n",
      " [-0.00739903  0.99921858 -0.03882625]\n",
      " [-0.57732081  0.02743423  0.8160564 ]]\n",
      "Translation Vector:\n",
      "[[-1.62658373]\n",
      " [-9.58954935]\n",
      " [91.70044369]]\n",
      "\n",
      "Image: 26.jpg\n",
      "Rotation Matrix:\n",
      "[[ 0.83570469 -0.00423114  0.54916279]\n",
      " [ 0.01932103  0.9995778  -0.0217009 ]\n",
      " [-0.54883911  0.02874593  0.8354336 ]]\n",
      "Translation Vector:\n",
      "[[-1.88221365]\n",
      " [-8.51207211]\n",
      " [82.3775885 ]]\n",
      "\n",
      "Image: 27.jpg\n",
      "Rotation Matrix:\n",
      "[[ 0.68262906 -0.00288869  0.73075934]\n",
      " [-0.01035887  0.99985346  0.01362901]\n",
      " [-0.73069163 -0.0168734   0.68249911]]\n",
      "Translation Vector:\n",
      "[[-1.36448977]\n",
      " [-7.64909713]\n",
      " [83.06741145]]\n",
      "\n",
      "Image: 28.jpg\n",
      "Rotation Matrix:\n",
      "[[ 0.81661862 -0.0105613   0.577081  ]\n",
      " [ 0.02793577  0.99938401 -0.02124152]\n",
      " [-0.57650119  0.03346742  0.81641063]]\n",
      "Translation Vector:\n",
      "[[ 3.10498898]\n",
      " [-9.32903396]\n",
      " [81.69020962]]\n",
      "\n",
      "Image: 29.jpg\n",
      "Rotation Matrix:\n",
      "[[ 0.99895595 -0.0253539  -0.03800244]\n",
      " [ 0.04490107  0.69823308  0.71446096]\n",
      " [ 0.00842019 -0.71542138  0.69864251]]\n",
      "Translation Vector:\n",
      "[[ 2.63775588]\n",
      " [-1.76179687]\n",
      " [31.08277723]]\n",
      "\n",
      "Image: 3.jpg\n",
      "Rotation Matrix:\n",
      "[[ 0.3980444  -0.03939841  0.91651973]\n",
      " [-0.0531188   0.99641121  0.06590219]\n",
      " [-0.91582698 -0.07491643  0.3945231 ]]\n",
      "Translation Vector:\n",
      "[[-0.41000719]\n",
      " [-1.60845064]\n",
      " [34.52345409]]\n",
      "\n",
      "Image: 30.jpg\n",
      "Rotation Matrix:\n",
      "[[ 0.99387354  0.09272514  0.06014505]\n",
      " [-0.03618279  0.78717237 -0.61567075]\n",
      " [-0.10443268  0.60972265  0.78570484]]\n",
      "Translation Vector:\n",
      "[[ 1.74698757]\n",
      " [-0.27066461]\n",
      " [25.47794054]]\n",
      "\n",
      "Image: 4.jpg\n",
      "Rotation Matrix:\n",
      "[[ 0.28003914 -0.00358431  0.95998189]\n",
      " [-0.05563822  0.99825151  0.01995758]\n",
      " [-0.95837491 -0.05900058  0.27935007]]\n",
      "Translation Vector:\n",
      "[[-0.54611436]\n",
      " [-1.86431115]\n",
      " [34.59794135]]\n",
      "\n",
      "Image: 5.jpg\n",
      "Rotation Matrix:\n",
      "[[ 0.55499572 -0.02963734  0.83132507]\n",
      " [-0.04002649  0.9972561   0.06227474]\n",
      " [-0.83088966 -0.06783724  0.55228659]]\n",
      "Translation Vector:\n",
      "[[ 0.39493784]\n",
      " [-1.92348978]\n",
      " [36.4866853 ]]\n",
      "\n",
      "Image: 6.jpg\n",
      "Rotation Matrix:\n",
      "[[ 0.58790517  0.01991125 -0.80868477]\n",
      " [-0.01037372  0.99980039  0.01707527]\n",
      " [ 0.80886334 -0.00164958  0.58799437]]\n",
      "Translation Vector:\n",
      "[[-0.07357859]\n",
      " [-3.76512642]\n",
      " [44.62331838]]\n",
      "\n",
      "Image: 7.jpg\n",
      "Rotation Matrix:\n",
      "[[ 0.99627886  0.02980821  0.08086964]\n",
      " [-0.00596942  0.95990123 -0.28027487]\n",
      " [-0.08598136  0.27874919  0.95650724]]\n",
      "Translation Vector:\n",
      "[[ 0.77642987]\n",
      " [-4.60419744]\n",
      " [47.67227792]]\n",
      "\n",
      "Image: 8.jpg\n",
      "Rotation Matrix:\n",
      "[[ 0.84667584  0.01574885 -0.53187592]\n",
      " [-0.01227393  0.99987399  0.01006781]\n",
      " [ 0.53196745 -0.00199597  0.84676245]]\n",
      "Translation Vector:\n",
      "[[ 1.37441611e-02]\n",
      " [-4.39101290e+00]\n",
      " [ 4.62716839e+01]]\n",
      "\n",
      "Image: 9.jpg\n",
      "Rotation Matrix:\n",
      "[[ 0.37487053  0.02236872 -0.92680727]\n",
      " [ 0.03760898  0.99851899  0.0393114 ]\n",
      " [ 0.92631401 -0.04959296  0.37347408]]\n",
      "Translation Vector:\n",
      "[[ 0.11733522]\n",
      " [-2.07058475]\n",
      " [29.25983739]]\n"
     ]
    }
   ],
   "source": [
    "print(\"Estimated Extrinsic Camera Parameters (Rotation Matrix and Translation Vector) for each image:\")\n",
    "for i, image in enumerate(images):\n",
    "    # Convert rotation vector to rotation matrix\n",
    "    R, _ = cv2.Rodrigues(rvecs[i])\n",
    "\n",
    "    np.savetxt(os.path.join('q4_dataset\\per_image_extrinsic_parameters',f\"rotaion_matrix_{i}.txt\") , R)\n",
    "    np.savetxt(os.path.join('q4_dataset\\per_image_extrinsic_parameters',f\"translation_vector_{i}.txt\") , tvecs[i])\n",
    "    \n",
    "    print(\"\\nImage:\", image)\n",
    "    print(\"Rotation Matrix:\")\n",
    "    print(R)\n",
    "    print(\"Translation Vector:\")\n",
    "    print(tvecs[i])\n"
   ]
  },
  {
   "cell_type": "code",
   "execution_count": 142,
   "metadata": {},
   "outputs": [],
   "source": [
    "def undistort_image(img, mtx, dist):\n",
    "    h, w = img.shape[:2]\n",
    "    new_camera_mtx, roi = cv2.getOptimalNewCameraMatrix(mtx, dist, (w, h), 1, (w, h))\n",
    "    undistorted_img = cv2.undistort(img, mtx, dist, None, new_camera_mtx)\n",
    "    x, y, w, h = roi\n",
    "    undistorted_img = undistorted_img[y:y+h, x:x+w]\n",
    "    return undistorted_img\n"
   ]
  },
  {
   "cell_type": "code",
   "execution_count": 143,
   "metadata": {},
   "outputs": [
    {
     "name": "stdout",
     "output_type": "stream",
     "text": [
      "Estimated Radial Distortion Coefficients: [[ 5.61266206e-01 -2.79864931e+01  1.52101063e-02  1.20389566e-02\n",
      "   1.47216665e+02]]\n"
     ]
    }
   ],
   "source": [
    "print(\"Estimated Radial Distortion Coefficients:\", dist)\n",
    "\n",
    "undistorted_save_path = 'q4_dataset/undistorted_images'\n",
    "os.makedirs(undistorted_save_path, exist_ok=True)\n",
    "\n",
    "# undistorting all the images and saving them in undistorted_images direcoty\n",
    "for i, image_name in enumerate(images):\n",
    "    img_path = os.path.join(parent_dir, image_name)\n",
    "    img = cv2.imread(img_path)\n",
    "    undistorted_img = undistort_image(img, mtx, dist)\n",
    "    undistorted_img_path = os.path.join(undistorted_save_path, f'undistorted_{image_name}.jpg')\n",
    "    cv2.imwrite(undistorted_img_path, undistorted_img)\n"
   ]
  },
  {
   "cell_type": "markdown",
   "metadata": {},
   "source": [
    "After undistorting the images, the straight lines at the corner of the images become curved. This effect is especially apparent for images 5,13,15,16,17 and 18"
   ]
  },
  {
   "cell_type": "code",
   "execution_count": 144,
   "metadata": {},
   "outputs": [
    {
     "data": {
